40
10
2,12,1,6,3,4,4,0,5,3
0.91,0.361,0.603,0.712,0.461,0.43,0.67,0.093,0.72,0.31
5.642,5.675,8.531,12.646,8.673,4.441,3.699,10.851,12.109,1.336
0,5.05,4.27,3.87,3.03,4.57,3.13,6.27,6.77,2.75
5.05,0,4.03,6.51,0.59,0.70,0.24,5.86,5.49,6.12
4.27,4.03,0,5.50,0.92,4.53,1.09,6.64,3.71,2.97
3.87,6.51,5.50,0,0.23,4.37,4.34,4.37,6.63,4.82
3.03,0.59,0.92,0.23,0,4.74,1.56,0.99,2.28,2.62
4.57,0.70,4.53,4.37,4.74,0,4.62,1.85,3.33,1.79
3.13,0.24,1.09,4.34,1.56,4.62,0,0.77,5.90,0.77
6.27,5.86,6.64,4.37,0.99,1.85,0.77,0,2.15,0.92
6.77,5.49,3.71,6.63,2.28,3.33,5.90,2.15,0,6.53
2.75,6.12,2.97,4.82,2.62,1.79,0.77,0.92,6.53,0
260.01
35
